_C_62bd_56649726_1 8c 0 e0 0 0 446f6e65 0 52094520 0 20206d20 0 44092020 0 9202020 0 9202043 0 41092042 
_C_76c1_5654f599_3 8c 0 b8 0 0 20253264 0 20253864 0 20253864 0 20253864 0 20253364 0 253464 
_C_351_5654f6bc_1 8c 0 d0 0 0 206f7666 0 52092020 0 9202020 0 9202042 0 20202041 0 6d652046 0 5469 
_C_1fc2_565516b6_1 8c 0 68 0 0 6d202065 0 42092020 0 696d6520 0 54 
_C_786d_5654f5d1_1 8c 0 b8 0 0 20253268 0 20253868 0 20253868 0 20253868 0 20253368 0 253464 
_C_74f0_56650752_2 8c 0 148 0 0 3d202562 0 6f6e6520 0 622c2064 0 203d2025 0 72726f72 0 622c2065 0 203d2025 0 643a2052 0 3d202532 0 696d6520 0 74 
_C_3e6a_56550031_3 8c 0 78 0 0 2c202562 0 2c202562 0 2c202562 0 253464 
_C_54d6_5664954a_1 8c 0 e0 0 0 446f6e65 0 726f7220 0 52094572 0 6f646520 0 2044094d 0 9204309 0 41092042 
_C_74f0_56650752_1 8c 0 158 0 0 2025620a 0 2044203d 0 2025622c 0 2043203d 0 2025622c 0 2042203d 0 2025622c 0 2041203d 0 2532643a 0 65203d20 0 74696d 
_C_69ae_56563a60_1 8c 0 90 0 0 68202562 0 25622025 0 20256220 0 64202562 0 2534 
_C_4d37_56651b4c_4 8c 0 168 0 0 3d202562 0 2c204420 0 3d202562 0 2c204320 0 3d202562 0 2c204220 0 3d202562 0 3a204120 0 20253264 0 6d65203d 0 2e207469 0 44 
_C_4d37_56651b4c_5 8c 0 168 0 0 3d202562 0 2c204420 0 3d202562 0 2c204320 0 3d202562 0 2c204220 0 3d202562 0 3a204120 0 20253264 0 6d65203d 0 2e207469 0 45 
_C_7a3f_56551fbf_1 8c 0 98 0 0 206f7666 0 20202020 0 6d205709 0 62092020 0 610920 
_C_4d37_56651b4c_6 8c 0 168 0 0 3d202562 0 2c204420 0 3d202562 0 2c204320 0 3d202562 0 2c204220 0 3d202562 0 3a204120 0 20253264 0 6d65203d 0 2e207469 0 46 
_C_4d37_56651b4c_7 8c 0 168 0 0 3d202562 0 2c204420 0 3d202562 0 2c204320 0 3d202562 0 2c204220 0 3d202562 0 3a204120 0 20253264 0 6d65203d 0 2e207469 0 47 
_C_4d37_56651b4c_1 8c 0 168 0 0 3d202562 0 2c204420 0 3d202562 0 2c204320 0 3d202562 0 2c204220 0 3d202562 0 3a204120 0 20253264 0 6d65203d 0 2e207469 0 41 
_C_4d37_56651b4c_2 8c 0 168 0 0 3d202562 0 2c204420 0 3d202562 0 2c204320 0 3d202562 0 2c204220 0 3d202562 0 3a204120 0 20253264 0 6d65203d 0 2e207469 0 42 
_C_4d37_56651b4c_3 8c 0 168 0 0 3d202562 0 2c204420 0 3d202562 0 2c204320 0 3d202562 0 2c204220 0 3d202562 0 3a204120 0 20253264 0 6d65203d 0 2e207469 0 43 
_C_58c8_56649591_1 8c 0 110 0 0 446f6e65 0 726f7220 0 52094572 0 6f646520 0 2020204d 0 20204409 0 20430920 0 20420920 0 4109 
_C_76c1_5654f599_1 8c 0 a8 0 0 206f7666 0 9205209 0 41092042 0 20460920 0 696d6509 0 54 
_C_3e6a_56550031_2 84 0 7 0 0 70 
_C_1da5_5665001f_1 8c 0 158 0 0 2025620a 0 2044203d 0 2025622c 0 2043203d 0 2025622c 0 2042203d 0 2025622c 0 2041203d 0 2534643a 0 65203d20 0 74696d 
_C_a4b_565d0a91_1 8c 0 50 0 0 67202562 0 5f666c61 0 6f76 
_C_53d2_56649536_1 8c 0 d0 0 0 446f6e65 0 726f7220 0 52094572 0 6f646520 0 944094d 0 20420943 0 4109 
_C_45ed_565500a3_1 8c 0 98 0 0 30207331 0 20202073 0 20202020 0 65205209 0 54696d 
_C_44b_5654f6c8_1 8c 0 d8 0 0 206f7666 0 9202020 0 20202052 0 20204209 0 20204109 0 65204620 0 54696d 
_C_6f7b_56551eab_1 8c 0 70 0 0 206f7666 0 6d205709 0 20620920 0 6109 
_C_1fa_5654f69d_1 8c 0 b0 0 0 96f7666 0 9202052 0 9202042 0 20202041 0 6d652046 0 5469 
_C_79c5_5665077e_1 8c 0 150 0 0 3d202562 0 2c204420 0 3d202562 0 2c204320 0 3d202562 0 2c204220 0 3d202562 0 3a204120 0 20253264 0 6d65203d 0 7469 
_C_3e6a_56550031_1 8c 0 68 0 0 30207331 0 52092073 0 696d6520 0 54 
_C_5279_56649515_3 8c 0 a0 0 0 62202562 0 25622025 0 20256220 0 62202562 0 25622025 
_C_752c_56563adf_1 8c 0 90 0 0 68202562 0 25682025 0 20256820 0 64202562 0 2534 
_C_5279_56649515_1 8c 0 c8 0 0 446f6e65 0 726f7220 0 52094572 0 6f646520 0 944094d 0 9420943 0 41 
_C_26eb_5625aa6e_3 8c 0 90 0 0 20202562 0 62202562 0 25622025 0 20256220 0 2562 
_C_4e2b_565d039e_1 8c 0 d8 0 0 3a202562 0 67206973 0 5f666c61 0 66206f76 0 7565206f 0 2076616c 0 546865 
_C_4830_565500bb_1 8c 0 68 0 0 20202562 0 62202562 0 34642025 0 25 
_C_5279_56649515_2 84 0 a 0 0 3f8 
_C_6f7b_56551eab_2 84 0 8 0 0 f8 
_C_5cd8_5664964d_1 8c 0 110 0 0 3d202562 0 6f6e6520 0 622c2064 0 203d2025 0 72726f72 0 622c2065 0 203d2025 0 643a2052 0 2434 
_C_2819_5655178a_1 8c 0 80 0 0 206d2065 0 20202020 0 20420920 0 54696d65 
_C_5625_5664955a_1 8c 0 f0 0 0 446f6e65 0 726f7220 0 52094572 0 6f646520 0 2044094d 0 20430920 0 20420920 0 4109 
_C_2817_565568f7_1 80 0 1 0 0 
_C_26eb_5625aa6e_4 80 0 1 0 3 
_C_5777_5664957a_3 80 0 1 0 2 
_C_7c28_5654f620_1 8c 0 90 0 0 62202562 0 25622025 0 20256220 0 64202562 0 2534 
_C_5777_5664957a_2 8c 0 c0 0 0 62202562 0 62202520 0 25622025 0 20256220 0 62202562 0 25622025 
_C_714f_5665072a_2 8c 0 140 0 0 3d202562 0 6f6e6520 0 622c2064 0 203d2025 0 72726f72 0 622c2065 0 203d2025 0 643a2052 0 203d2025 0 74696d65 
_C_7331_56551ed9_1 8c 0 80 0 0 206f7666 0 20570920 0 920206d 0 61092062 
_C_2ab5_56267788_1 8c 0 b8 0 0 30206331 0 20202063 0 20202020 0 69207320 0 62092063 0 610920 
_C_6f7b_56551eab_3 8c 0 70 0 0 62202562 0 25622025 0 20256220 0 2562 
_C_7e7b_5654f66e_1 8c 0 c8 0 0 206f7666 0 20520909 0 20420909 0 20410909 0 46202020 0 696d6520 0 54 
_C_7f7a_5654f687_1 8c 0 90 0 0 96f7666 0 9420952 0 20202041 0 6d652046 0 5469 
_C_75cc_56551ee7_1 8c 0 a0 0 0 206f7666 0 20202020 0 20570920 0 920206d 0 61092062 
_C_401f_5655005f_2 8c 0 40 0 0 62202562 0 25622025 
_C_573b_566a918e_1 8c 0 e8 0 0 3d202562 0 6f6e6520 0 622c2044 0 203d2025 0 72726f72 0 622c2045 0 203d2025 0 52 
_C_616c_5664970a_1 8c 0 b8 0 0 62202562 0 25622025 0 20256220 0 62202562 0 25622025 0 256220 
_C_714f_5665072a_1 8c 0 150 0 0 2025620a 0 2044203d 0 2025622c 0 2043203d 0 2025622c 0 2042203d 0 2025622c 0 2041203d 0 2025643a 0 6d65203d 0 7469 
_C_5245_566a90d0_1 8c 0 260 0 0 3d202562 0 6f6e6520 0 622c2044 0 203d2025 0 72726f72 0 622c2045 0 203d2025 0 622c2052 0 203d2025 0 622c2044 0 203d2025 0 622c2043 0 203d2025 0 622c2042 0 203d2025 0 643a2041 0 3d202532 0 696d6520 0 412e2074 
_C_78b1_56563afc_1 8c 0 a8 0 0 206f7666 0 20205220 0 41202042 0 46202020 0 696d6520 0 54 
_C_4372_56550077_1 8c 0 60 0 0 62202562 0 25622025 0 25346420 
_C_5777_5664957a_1 84 0 b 0 0 7f8 
_C_26eb_5625aa6e_1 8c 0 b8 0 0 36206337 0 20202063 0 20202020 0 69207320 0 62092063 0 610920 
_C_46e3_565500ae_1 8c 0 90 0 0 30207331 0 20202073 0 9202020 0 6d652052 0 5469 
_C_20d9_56556863_1 8c 0 b0 0 0 36206337 0 20202063 0 20202020 0 69207320 0 62092063 0 6109 
_C_26eb_5625aa6e_2 84 0 9 0 0 1f8 
_C_6a92_566506f5_1 8c 0 110 0 0 3d202562 0 6f6e6520 0 622c2064 0 203d2025 0 72726f72 0 622c2065 0 203d2025 0 643a2052 0 2534 
_C_401f_5655005f_1 84 0 6 0 0 38 
_C_76c1_5654f599_2 84 0 9 0 0 1f0 
_C_5a22_566495b4_1 8c 0 100 0 0 446f6e65 0 726f7220 0 52094572 0 20206d20 0 44092020 0 9202020 0 9202043 0 41092042 
_C_44da_5655008f_1 8c 0 68 0 0 30207331 0 52090973 0 696d6520 0 54 
